time	ts(Vload)
0.00000000000000000E0	3.97504301954350270E0
3.55113636363636420E-12	3.49337828086263746E0
7.10227272727272840E-12	3.00306404559529039E0
1.06534090909090917E-11	2.50498650332270145E0
1.42045454545454564E-11	2.00007483538199038E0
1.77556818181818210E-11	1.48932217182029913E0
2.13068181818181834E-11	9.73802775707781443E-1
2.48579545454545503E-11	4.54683799412113299E-1
2.84090909090909127E-11	-6.67695255161574686E-2
3.19602272727272707E-11	-5.89195835489597641E-1
3.55113636363636420E-11	-1.11114672563424044E0
3.90625000000000000E-11	-1.63110247244614714E0
4.26136363636363669E-11	-2.14749343192410880E0
4.61647727272727337E-11	-2.65872579978852608E0
4.97159090909091006E-11	-3.16321015533161587E0
5.32670454545454586E-11	-3.65939103604481408E0
5.68181818181818254E-11	-4.14577570463827705E0
6.03693181818181746E-11	-4.62096027459845970E0
6.39204545454545414E-11	-5.08365146061204598E0
6.74715909090909172E-11	-5.53268242483998396E0
7.10227272727272840E-11	-5.96702150766611616E0
7.45738636363636331E-11	-6.38577306521035304E0
7.81250000000000000E-11	-6.78817017756490237E0
8.16761363636363491E-11	-7.17355961768570349E0
8.52272727272727337E-11	-7.54138013946672903E0
8.87784090909091006E-11	-7.89113579605953319E0
9.23295454545454675E-11	-8.22236656500200702E0
9.58806818181817988E-11	-8.53461896008965759E0
9.94318181818182012E-11	-8.82741948258099995E0
1.02982954545454541E-10	-9.10025365579575940E0
1.06534090909090917E-10	-9.35255297565064581E0
1.10085227272727271E-10	-9.58369140974481581E0
1.13636363636363646E-10	-9.79299214322340106E0
1.17187500000000000E-10	-9.97974419158638071E0
1.20738636363636354E-10	-1.01432273979583476E1
1.24289772727272751E-10	-1.02827433388262102E1
1.27840909090909083E-10	-1.03976489090319446E1
1.31392045454545459E-10	-1.04873889539386189E1
1.34943181818181834E-10	-1.05515243360939825E1
1.38494318181818166E-10	-1.05897522862476379E1
1.42045454545454564E-10	-1.06019167574431128E1
1.45596590909090939E-10	-1.05880076829036840E1
1.49147727272727271E-10	-1.05481493933312098E1
1.52698863636363646E-10	-1.04825798064642206E1
1.56250000000000000E-10	-1.03916231823566174E1
1.59801136363636354E-10	-1.02756600789380292E1
1.63352272727272707E-10	-1.01350985205326216E1
1.66903409090909127E-10	-9.97035024208033605E0
1.70454545454545459E-10	-9.78181519874522465E0
1.74005681818181834E-10	-9.56987641150354307E0
1.77556818181818210E-10	-9.33490579549819266E0
1.81107954545454564E-10	-9.07728007760798938E0
1.84659090909090917E-10	-8.79740446317535785E0
1.88210227272727293E-10	-8.49574056297551117E0
1.91761363636363580E-10	-8.17283440870163602E0
1.95312500000000000E-10	-7.82934027665105514E0
1.98863636363636420E-10	-7.46603653570856984E0
2.02414772727272707E-10	-7.08383078377177178E0
2.05965909090909083E-10	-6.68375300387266069E0
2.09517045454545503E-10	-6.26693716190267747E0
2.13068181818181834E-10	-5.83459334923582507E0
2.16619318181818254E-10	-5.38797400722736697E0
2.20170454545454541E-10	-4.92833874582567866E0
2.23721590909090873E-10	-4.45692263275731460E0
2.27272727272727293E-10	-3.97491251145546265E0
2.30823863636363669E-10	-3.48343492703371638E0
2.34375000000000000E-10	-2.98355771500777944E0
2.37926136363636331E-10	-2.47630543141395476E0
2.41477272727272707E-10	-1.96268682429050023E0
2.45028409090909127E-10	-1.44373073550616304E0
2.48579545454545503E-10	-9.20525433706203522E-1
2.52130681818181834E-10	-3.94255618054387824E-1
2.55681818181818166E-10	1.33768677062653918E-1
2.59232954545454541E-10	6.62096278342544409E-1
2.62784090909090917E-10	1.18913570609244124E0
2.66335227272727293E-10	1.71317418666801990E0
2.69886363636363669E-10	2.23241412040359233E0
2.73437500000000044E-10	2.74502402591664962E0
2.76988636363636331E-10	3.24919903416140654E0
2.80539772727272663E-10	3.74322462367765718E0
2.84090909090909127E-10	4.22553666044254506E0
2.87642045454545414E-10	4.69477102421508530E0
2.91193181818181879E-10	5.14979715226620538E0
2.94744318181818254E-10	5.58973158776685874E0
2.98295454545454541E-10	6.01392986932665075E0
3.01846590909090917E-10	6.42195756220560909E0
3.05397727272727293E-10	6.81354360531278758E0
3.08948863636363580E-10	7.18852113853566710E0
3.12500000000000000E-10	7.54676233989334921E0
3.16051136363636331E-10	7.88811438048630276E0
3.19602272727272707E-10	8.21234333748361500E0
3.23153409090909083E-10	8.51909183929138436E0
3.26704545454545414E-10	8.80785450011421922E0
3.30255681818181746E-10	9.07797305967952362E0
3.33806818181818254E-10	9.32865085218545964E0
3.37357954545454586E-10	9.55898407217522106E0
3.40909090909090917E-10	9.76800554380691644E0
3.44460227272727337E-10	9.95473553492533370E0
3.48011363636363669E-10	1.01182337065104178E1
3.51562500000000044E-10	1.02576465739734091E1
3.55113636363636420E-10	1.03722458067825096E1
3.58664772727272707E-10	1.04614541523705173E1
3.62215909090909127E-10	1.05248575260341681E1
3.65767045454545414E-10	1.05622036193586810E1
3.69318181818181834E-10	1.05733890093863359E1
3.72869318181818166E-10	1.05584379991832700E1
3.76420454545454586E-10	1.05174771485690965E1
3.79971590909090873E-10	1.04507095991708732E1
3.83522727272727160E-10	1.03583928795306557E1
3.87073863636363669E-10	1.02408229872428969E1
3.90625000000000000E-10	1.00983263376675980E1
3.94176136363636465E-10	9.93125982879900526E0
3.97727272727272840E-10	9.74001799281551151E0
4.01278409090909083E-10	9.52504516061447859E0
4.04829545454545414E-10	9.28684988787665766E0
4.08380681818181746E-10	9.02601865350743715E0
4.11931818181818166E-10	8.74322605235734684E0
4.15482954545454675E-10	8.43923931019447693E0
4.19034090909091006E-10	8.11491584481221651E0
4.22585227272727337E-10	7.77119364378463384E0
4.26136363636363669E-10	7.40907527482281392E0
4.29687499999999911E-10	7.02960724589371999E0
4.33238636363636509E-10	6.63385707409945535E0
4.36789772727272663E-10	6.22289073146685023E0
4.40340909090909083E-10	5.79775308794119848E0
4.43892045454545503E-10	5.35945359152705336E0
4.47443181818181746E-10	4.90895877910256306E0
4.50994318181818166E-10	4.44719239509977893E0
4.54545454545454586E-10	3.97504301954351202E0
4.58096590909090740E-10	3.49337828086264590E0
4.61647727272727337E-10	3.00306404559529705E0
4.65198863636363669E-10	2.50498650332270767E0
4.68750000000000000E-10	2.00007483538199526E0
4.72301136363636509E-10	1.48932217182030247E0
4.75852272727272663E-10	9.73802775707784107E-1
4.79403409090908994E-10	4.54683799412114809E-1
4.82954545454545414E-10	-6.67695255161564916E-2
4.86505681818181746E-10	-5.89195835489597552E-1
4.90056818181818254E-10	-1.11114672563424244E0
4.93607954545454497E-10	-1.63110247244614981E0
4.97159090909091006E-10	-2.14749343192411191E0
5.00710227272727160E-10	-2.65872579978853230E0
5.04261363636363669E-10	-3.16321015533162253E0
5.07812500000000000E-10	-3.65939103604482252E0
5.11363636363636331E-10	-4.14577570463828682E0
5.14914772727272840E-10	-4.62096027459846947E0
5.18465909090909083E-10	-5.08365146061205575E0
5.22017045454545414E-10	-5.53268242483999728E0
5.25568181818181834E-10	-5.96702150766613038E0
5.29119318181818343E-10	-6.38577306521036814E0
5.32670454545454586E-10	-6.78817017756491836E0
5.36221590909091006E-10	-7.17355961768571948E0
5.39772727272727337E-10	-7.54138013946674501E0
5.43323863636363402E-10	-7.89113579605954918E0
5.46875000000000089E-10	-8.22236656500202656E0
5.50426136363636331E-10	-8.53461896008967535E0
5.53977272727272663E-10	-8.82741948258101772E0
5.57528409090908994E-10	-9.10025365579577894E0
5.61079545454545325E-10	-9.35255297565066535E0
5.64630681818181746E-10	-9.58369140974483535E0
5.68181818181818254E-10	-9.79299214322342415E0
5.71732954545454586E-10	-9.97974419158640558E0
5.75284090909090828E-10	-1.01432273979583698E1
5.78835227272727160E-10	-1.02827433388262324E1
5.82386363636363757E-10	-1.03976489090319690E1
5.85937500000000000E-10	-1.04873889539386433E1
5.89488636363636509E-10	-1.05515243360940048E1
5.93039772727272663E-10	-1.05897522862476623E1
5.96590909090909083E-10	-1.06019167574431394E1
6.00142045454545325E-10	-1.05880076829037084E1
6.03693181818181834E-10	-1.05481493933312365E1
6.07244318181818254E-10	-1.04825798064642450E1
6.10795454545454586E-10	-1.03916231823566418E1
6.14346590909090828E-10	-1.02756600789380537E1
6.17897727272727160E-10	-1.01350985205326460E1
6.21448863636363757E-10	-9.97035024208035736E0
6.25000000000000000E-10	-9.78181519874524774E0
6.28551136363636331E-10	-9.56987641150356794E0
6.32102272727272663E-10	-9.33490579549821398E0
6.35653409090909172E-10	-9.07728007760801070E0
6.39204545454545414E-10	-8.79740446317537739E0
6.42755681818181657E-10	-8.49574056297553248E0
6.46306818181818166E-10	-8.17283440870165556E0
6.49857954545454586E-10	-7.82934027665107379E0
6.53409090909090828E-10	-7.46603653570858761E0
6.56960227272727337E-10	-7.08383078377178776E0
6.60511363636363491E-10	-6.68375300387267668E0
6.64062500000000089E-10	-6.26693716190269168E0
6.67613636363636509E-10	-5.83459334923583839E0
6.71164772727272840E-10	-5.38797400722737940E0
6.74715909090909172E-10	-4.92833874582569020E0
6.78267045454545414E-10	-4.45692263275732525E0
6.81818181818181834E-10	-3.97491251145547242E0
6.85369318181818166E-10	-3.48343492703372526E0
6.88920454545454675E-10	-2.98355771500778699E0
6.92471590909090828E-10	-2.47630543141396053E0
6.96022727272727337E-10	-1.96268682429050512E0
6.99573863636363757E-10	-1.44373073550616660E0
7.03125000000000089E-10	-9.20525433706206186E-1
7.06676136363636331E-10	-3.94255618054388535E-1
7.10227272727272840E-10	1.33768677062654473E-1
7.13778409090909172E-10	6.62096278342545563E-1
7.17329545454545414E-10	1.18913570609244323E0
7.20880681818181834E-10	1.71317418666802346E0
7.24431818181818254E-10	2.23241412040359855E0
7.27982954545454675E-10	2.74502402591665673E0
7.31534090909090828E-10	3.24919903416141498E0
7.35085227272727337E-10	3.74322462367766651E0
7.38636363636363669E-10	4.22553666044255483E0
7.42187500000000089E-10	4.69477102421509596E0
7.45738636363636331E-10	5.14979715226621604E0
7.49289772727272929E-10	5.58973158776687118E0
7.52840909090909172E-10	6.01392986932666496E0
7.56392045454545681E-10	6.42195756220562330E0
7.59943181818181746E-10	6.81354360531280445E0
7.63494318181818254E-10	7.18852113853568309E0
7.67045454545454319E-10	7.54676233989336520E0
7.70596590909090828E-10	7.88811438048631874E0
7.74147727272727337E-10	8.21234333748363277E0
7.77698863636363669E-10	8.51909183929140568E0
7.81250000000000000E-10	8.80785450011423876E0
7.84801136363636598E-10	9.07797305967954316E0
7.88352272727272929E-10	9.32865085218548096E0
7.91903409090909172E-10	9.55898407217524237E0
7.95454545454545681E-10	9.76800554380693775E0
7.99005681818181746E-10	9.95473553492535856E0
8.02556818181818166E-10	1.01182337065104422E1
8.06107954545454852E-10	1.02576465739734313E1
8.09659090909090828E-10	1.03722458067825340E1
8.13210227272727337E-10	1.04614541523705418E1
8.16761363636363491E-10	1.05248575260341903E1
8.20312500000000178E-10	1.05622036193587054E1
8.23863636363636331E-10	1.05733890093863581E1
8.27414772727273018E-10	1.05584379991832944E1
8.30965909090909349E-10	1.05174771485691165E1
8.34517045454545681E-10	1.04507095991708931E1
8.38068181818182012E-10	1.03583928795306734E1
8.41619318181817988E-10	1.02408229872429191E1
8.45170454545454675E-10	1.00983263376676180E1
8.48721590909091184E-10	9.93125982879902480E0
8.52272727272727337E-10	9.74001799281553104E0
8.55823863636363669E-10	9.52504516061449813E0
8.59374999999999822E-10	9.28684988787667542E0
8.62926136363636331E-10	9.02601865350745491E0
8.66477272727273018E-10	8.74322605235736283E0
8.70028409090909172E-10	8.43923931019449292E0
8.73579545454545325E-10	8.11491584481223249E0
8.77130681818181834E-10	7.77119364378464983E0
8.80681818181818166E-10	7.40907527482282813E0
8.84232954545454675E-10	7.02960724589373420E0
8.87784090909091006E-10	6.63385707409946779E0
8.91335227272727160E-10	6.22289073146686267E0
8.94886363636363491E-10	5.79775308794121003E0
8.98437500000000000E-10	5.35945359152706402E0
9.01988636363636331E-10	4.90895877910257283E0
9.05539772727272840E-10	4.44719239509978781E0
9.09090909090909172E-10	3.97504301954352002E0


time	ts(I_load.i)
0.00000000000000000E0	7.95008603908700628E-2
3.55113636363636420E-12	6.98675656172527759E-2
7.10227272727272840E-12	6.00612809119058344E-2
1.06534090909090917E-11	5.00997300664540468E-2
1.42045454545454564E-11	4.00014967076398253E-2
1.77556818181818210E-11	2.97864434364059960E-2
2.13068181818181834E-11	1.94760555141556524E-2
2.48579545454545503E-11	9.09367598824227841E-3
2.84090909090909127E-11	-1.33539051032313560E-3
3.19602272727272707E-11	-1.17839167097919306E-2
3.55113636363636420E-11	-2.22229345126847955E-2
3.90625000000000000E-11	-3.26220494489229207E-2
4.26136363636363669E-11	-4.29498686384821493E-2
4.61647727272727337E-11	-5.31745159957704949E-2
4.97159090909091006E-11	-6.32642031066322996E-2
5.32670454545454586E-11	-7.31878207208962461E-2
5.68181818181818254E-11	-8.29155140927655232E-2
6.03693181818181746E-11	-9.24192054919691763E-2
6.39204545454545414E-11	-1.01673029212240928E-1
6.74715909090909172E-11	-1.10653648496799661E-1
7.10227272727272840E-11	-1.19340430153322297E-1
7.45738636363636331E-11	-1.27715461304207056E-1
7.81250000000000000E-11	-1.35763403551298034E-1
8.16761363636363491E-11	-1.43471192353714061E-1
8.52272727272727337E-11	-1.50827602789334669E-1
8.87784090909091006E-11	-1.57822715921190682E-1
9.23295454545454675E-11	-1.64447331300040189E-1
9.58806818181817988E-11	-1.70692379201793121E-1
9.94318181818182012E-11	-1.76548389651620008E-1
1.02982954545454541E-10	-1.82005073115915206E-1
1.06534090909090917E-10	-1.87051059513012863E-1
1.10085227272727271E-10	-1.91673828194896290E-1
1.13636363636363646E-10	-1.95859842864468003E-1
1.17187500000000000E-10	-1.99594883831727610E-1
1.20738636363636354E-10	-2.02864547959166996E-1
1.24289772727272751E-10	-2.05654866776524159E-1
1.27840909090909083E-10	-2.07952978180638892E-1
1.31392045454545459E-10	-2.09747779078772378E-1
1.34943181818181834E-10	-2.11030486721879651E-1
1.38494318181818166E-10	-2.11795045724952757E-1
1.42045454545454564E-10	-2.12038335148862300E-1
1.45596590909090939E-10	-2.11760153658073680E-1
1.49147727272727271E-10	-2.10962987866624196E-1
1.52698863636363646E-10	-2.09651596129284457E-1
1.56250000000000000E-10	-2.07832463647132348E-1
1.59801136363636354E-10	-2.05513201578760540E-1
1.63352272727272707E-10	-2.02701970410652432E-1
1.66903409090909127E-10	-1.99407004841606694E-1
1.70454545454545459E-10	-1.95636303974904524E-1
1.74005681818181834E-10	-1.91397528230070835E-1
1.77556818181818210E-10	-1.86698115909963858E-1
1.81107954545454564E-10	-1.81545601552159797E-1
1.84659090909090917E-10	-1.75948089263507135E-1
1.88210227272727293E-10	-1.69914811259510312E-1
1.91761363636363580E-10	-1.63456688174032716E-1
1.95312500000000000E-10	-1.56586805533021112E-1
1.98863636363636420E-10	-1.49320730714171512E-1
2.02414772727272707E-10	-1.41676615675435436E-1
2.05965909090909083E-10	-1.33675060077453245E-1
2.09517045454545503E-10	-1.25338743238053518E-1
2.13068181818181834E-10	-1.16691866984716519E-1
2.16619318181818254E-10	-1.07759480144547348E-1
2.20170454545454541E-10	-9.85667749165135731E-2
2.23721590909090873E-10	-8.91384526551463097E-2
2.27272727272727293E-10	-7.94982502291092707E-2
2.30823863636363669E-10	-6.96686985406743542E-2
2.34375000000000000E-10	-5.96711543001556066E-2
2.37926136363636331E-10	-4.95261086282790952E-2
2.41477272727272707E-10	-3.92537364858100180E-2
2.45028409090909127E-10	-2.88746147101232742E-2
2.48579545454545503E-10	-1.84105086741240953E-2
2.52130681818181834E-10	-7.88511236108775648E-3
2.55681818181818166E-10	2.67537354125307392E-3
2.59232954545454541E-10	1.32419255668508828E-2
2.62784090909090917E-10	2.37827141218488203E-2
2.66335227272727293E-10	3.42634837333603670E-2
2.69886363636363669E-10	4.46482824080718466E-2
2.73437500000000044E-10	5.49004805183329925E-2
2.76988636363636331E-10	6.49839806832281397E-2
2.80539772727272663E-10	7.48644924735531436E-2
2.84090909090909127E-10	8.45107332088508834E-2
2.87642045454545414E-10	9.38954204843016704E-2
2.91193181818181879E-10	1.02995943045324045E-1
2.94744318181818254E-10	1.11794631755337148E-1
2.98295454545454541E-10	1.20278597386532993E-1
3.01846590909090917E-10	1.28439151244112137E-1
3.05397727272727293E-10	1.36270872106255658E-1
3.08948863636363580E-10	1.43770422770713302E-1
3.12500000000000000E-10	1.50935246797866962E-1
3.16051136363636331E-10	1.57762287609726037E-1
3.19602272727272707E-10	1.64246866749672327E-1
3.23153409090909083E-10	1.70381836785827656E-1
3.26704545454545414E-10	1.76157090002284389E-1
3.30255681818181746E-10	1.81559461193590366E-1
3.33806818181818254E-10	1.86573017043709188E-1
3.37357954545454586E-10	1.91179681443504323E-1
3.40909090909090917E-10	1.95360110876138293E-1
3.44460227272727337E-10	1.99094710698506727E-1
3.48011363636363669E-10	2.02364674130208355E-1
3.51562500000000044E-10	2.05152931479468181E-1
3.55113636363636420E-10	2.07444916135650237E-1
3.58664772727272707E-10	2.09229083047410391E-1
3.62215909090909127E-10	2.10497150520683318E-1
3.65767045454545414E-10	2.11244072387173620E-1
3.69318181818181834E-10	2.11467780187726717E-1
3.72869318181818166E-10	2.11168759983665399E-1
3.76420454545454586E-10	2.10349542971381931E-1
3.79971590909090873E-10	2.09014191983417463E-1
3.83522727272727160E-10	2.07167857590613025E-1
3.87073863636363669E-10	2.04816459744857937E-1
3.90625000000000000E-10	2.01966526753352005E-1
3.94176136363636465E-10	1.98625196575980123E-1
3.97727272727272840E-10	1.94800359856310212E-1
4.01278409090909083E-10	1.90500903212289541E-1
4.04829545454545414E-10	1.85736997757533118E-1
4.08380681818181746E-10	1.80520373070148699E-1
4.11931818181818166E-10	1.74864521047146937E-1
4.15482954545454675E-10	1.68784786203889570E-1
4.19034090909091006E-10	1.62298316896244277E-1
4.22585227272727337E-10	1.55423872875692681E-1
4.26136363636363669E-10	1.48181505496456256E-1
4.29687499999999911E-10	1.40592144917874395E-1
4.33238636363636509E-10	1.32677141481989147E-1
4.36789772727272663E-10	1.24457814629337005E-1
4.40340909090909083E-10	1.15955061758823974E-1
4.43892045454545503E-10	1.07189071830541049E-1
4.47443181818181746E-10	9.81791755820512435E-2
4.50994318181818166E-10	8.89438479019956141E-2
4.54545454545454586E-10	7.95008603908702316E-2
4.58096590909090740E-10	6.98675656172529447E-2
4.61647727272727337E-10	6.00612809119059765E-2
4.65198863636363669E-10	5.00997300664541623E-2
4.68750000000000000E-10	4.00014967076399230E-2
4.72301136363636509E-10	2.97864434364060626E-2
4.75852272727272663E-10	1.94760555141556946E-2
4.79403409090908994E-10	9.09367598824232459E-3
4.82954545454545414E-10	-1.33539051032310563E-3
4.86505681818181746E-10	-1.17839167097919262E-2
4.90056818181818254E-10	-2.22229345126848221E-2
4.93607954545454497E-10	-3.26220494489229962E-2
4.97159090909091006E-10	-4.29498686384822292E-2
5.00710227272727160E-10	-5.31745159957706104E-2
5.04261363636363669E-10	-6.32642031066324417E-2
5.07812500000000000E-10	-7.31878207208964149E-2
5.11363636363636331E-10	-8.29155140927657186E-2
5.14914772727272840E-10	-9.24192054919693717E-2
5.18465909090909083E-10	-1.01673029212241128E-1
5.22017045454545414E-10	-1.10653648496799950E-1
5.25568181818181834E-10	-1.19340430153322563E-1
5.29119318181818343E-10	-1.27715461304207323E-1
5.32670454545454586E-10	-1.35763403551298367E-1
5.36221590909091006E-10	-1.43471192353714327E-1
5.39772727272727337E-10	-1.50827602789334936E-1
5.43323863636363402E-10	-1.57822715921191015E-1
5.46875000000000089E-10	-1.64447331300040522E-1
5.50426136363636331E-10	-1.70692379201793498E-1
5.53977272727272663E-10	-1.76548389651620408E-1
5.57528409090908994E-10	-1.82005073115915605E-1
5.61079545454545325E-10	-1.87051059513013285E-1
5.64630681818181746E-10	-1.91673828194896689E-1
5.68181818181818254E-10	-1.95859842864468447E-1
5.71732954545454586E-10	-1.99594883831728054E-1
5.75284090909090828E-10	-2.02864547959167396E-1
5.78835227272727160E-10	-2.05654866776524603E-1
5.82386363636363757E-10	-2.07952978180639336E-1
5.85937500000000000E-10	-2.09747779078772822E-1
5.89488636363636509E-10	-2.11030486721880139E-1
5.93039772727272663E-10	-2.11795045724953290E-1
5.96590909090909083E-10	-2.12038335148862744E-1
6.00142045454545325E-10	-2.11760153658074168E-1
6.03693181818181834E-10	-2.10962987866624641E-1
6.07244318181818254E-10	-2.09651596129284945E-1
6.10795454545454586E-10	-2.07832463647132837E-1
6.14346590909090828E-10	-2.05513201578761029E-1
6.17897727272727160E-10	-2.02701970410652921E-1
6.21448863636363757E-10	-1.99407004841607138E-1
6.25000000000000000E-10	-1.95636303974904968E-1
6.28551136363636331E-10	-1.91397528230071257E-1
6.32102272727272663E-10	-1.86698115909964302E-1
6.35653409090909172E-10	-1.81545601552160241E-1
6.39204545454545414E-10	-1.75948089263507557E-1
6.42755681818181657E-10	-1.69914811259510712E-1
6.46306818181818166E-10	-1.63456688174033116E-1
6.49857954545454586E-10	-1.56586805533021489E-1
6.53409090909090828E-10	-1.49320730714171868E-1
6.56960227272727337E-10	-1.41676615675435791E-1
6.60511363636363491E-10	-1.33675060077453556E-1
6.64062500000000089E-10	-1.25338743238053829E-1
6.67613636363636509E-10	-1.16691866984716808E-1
6.71164772727272840E-10	-1.07759480144547592E-1
6.74715909090909172E-10	-9.85667749165138041E-2
6.78267045454545414E-10	-8.91384526551465051E-2
6.81818181818181834E-10	-7.94982502291094839E-2
6.85369318181818166E-10	-6.96686985406745229E-2
6.88920454545454675E-10	-5.96711543001557487E-2
6.92471590909090828E-10	-4.95261086282792196E-2
6.96022727272727337E-10	-3.92537364858101201E-2
6.99573863636363757E-10	-2.88746147101233586E-2
7.03125000000000089E-10	-1.84105086741241442E-2
7.06676136363636331E-10	-7.88511236108779823E-3
7.10227272727272840E-10	2.67537354125307614E-3
7.13778409090909172E-10	1.32419255668508962E-2
7.17329545454545414E-10	2.37827141218488514E-2
7.20880681818181834E-10	3.42634837333604469E-2
7.24431818181818254E-10	4.46482824080719531E-2
7.27982954545454675E-10	5.49004805183331168E-2
7.31534090909090828E-10	6.49839806832282907E-2
7.35085227272727337E-10	7.48644924735533301E-2
7.38636363636363669E-10	8.45107332088511143E-2
7.42187500000000089E-10	9.38954204843019014E-2
7.45738636363636331E-10	1.02995943045324290E-1
7.49289772727272929E-10	1.11794631755337415E-1
7.52840909090909172E-10	1.20278597386533281E-1
7.56392045454545681E-10	1.28439151244112493E-1
7.59943181818181746E-10	1.36270872106255991E-1
7.63494318181818254E-10	1.43770422770713679E-1
7.67045454545454319E-10	1.50935246797867273E-1
7.70596590909090828E-10	1.57762287609726393E-1
7.74147727272727337E-10	1.64246866749672704E-1
7.77698863636363669E-10	1.70381836785828100E-1
7.81250000000000000E-10	1.76157090002284766E-1
7.84801136363636598E-10	1.81559461193590810E-1
7.88352272727272929E-10	1.86573017043709610E-1
7.91903409090909172E-10	1.91179681443504812E-1
7.95454545454545681E-10	1.95360110876138737E-1
7.99005681818181746E-10	1.99094710698507171E-1
8.02556818181818166E-10	2.02364674130208799E-1
8.06107954545454852E-10	2.05152931479468625E-1
8.09659090909090828E-10	2.07444916135650725E-1
8.13210227272727337E-10	2.09229083047410835E-1
8.16761363636363491E-10	2.10497150520683807E-1
8.20312500000000178E-10	2.11244072387174064E-1
8.23863636363636331E-10	2.11467780187727206E-1
8.27414772727273018E-10	2.11168759983665844E-1
8.30965909090909349E-10	2.10349542971382375E-1
8.34517045454545681E-10	2.09014191983417819E-1
8.38068181818182012E-10	2.07167857590613469E-1
8.41619318181817988E-10	2.04816459744858337E-1
8.45170454545454675E-10	2.01966526753352404E-1
8.48721590909091184E-10	1.98625196575980523E-1
8.52272727272727337E-10	1.94800359856310612E-1
8.55823863636363669E-10	1.90500903212289940E-1
8.59374999999999822E-10	1.85736997757533473E-1
8.62926136363636331E-10	1.80520373070149054E-1
8.66477272727273018E-10	1.74864521047147314E-1
8.70028409090909172E-10	1.68784786203889858E-1
8.73579545454545325E-10	1.62298316896244610E-1
8.77130681818181834E-10	1.55423872875692948E-1
8.80681818181818166E-10	1.48181505496456567E-1
8.84232954545454675E-10	1.40592144917874662E-1
8.87784090909091006E-10	1.32677141481989391E-1
8.91335227272727160E-10	1.24457814629337249E-1
8.94886363636363491E-10	1.15955061758824218E-1
8.98437500000000000E-10	1.07189071830541249E-1
9.01988636363636331E-10	9.81791755820514211E-2
9.05539772727272840E-10	8.89438479019957740E-2
9.09090909090909172E-10	7.95008603908704092E-2


